LexicalReordering0= 0.040744
LexicalReordering0= 0.227014
LexicalReordering0= 0.0994463
LexicalReordering0= 0.0476352
LexicalReordering0= -0.0530237
LexicalReordering0= 0.0354191
Distortion0= 0.0353699
LM0= 0.127768
WordPenalty0= 0.0495681
PhrasePenalty0= -0.103532
TranslationModel0= 0.0258193
TranslationModel0= -0.00179552
TranslationModel0= 0.133009
TranslationModel0= 0.0198554
