LexicalReordering0= 0.0038886
LexicalReordering0= 0.495404
LexicalReordering0= 0.0665707
LexicalReordering0= 0.0556384
LexicalReordering0= -0.0518222
LexicalReordering0= -0.0153484
Distortion0= 0.039665
LM0= 0.0694768
WordPenalty0= 0.024089
PhrasePenalty0= -0.0467815
TranslationModel0= 0.00408495
TranslationModel0= 0.0122492
TranslationModel0= 0.0988568
TranslationModel0= 0.016124
