LexicalReordering0= 0.00398089
LexicalReordering0= 0.507162
LexicalReordering0= 0.0681507
LexicalReordering0= 0.0569589
LexicalReordering0= -0.0463275
LexicalReordering0= -0.00428035
Distortion0= 0.0350301
LM0= 0.0711257
WordPenalty0= 0.0246607
PhrasePenalty0= -0.0478918
TranslationModel0= 0.0041819
TranslationModel0= 0.0125399
TranslationModel0= 0.101203
TranslationModel0= 0.0165067
