LexicalReordering0= -0.129504
LexicalReordering0= 0.324007
LexicalReordering0= 0.130078
LexicalReordering0= 0.047684
LexicalReordering0= -0.100163
LexicalReordering0= 0.0135672
Distortion0= 0.0067948
LM0= 0.0847763
WordPenalty0= 0.0444499
PhrasePenalty0= 0.0208173
TranslationModel0= 0.0292117
TranslationModel0= 0.00226534
TranslationModel0= 0.0300082
TranslationModel0= 0.0366726
