LexicalReordering0= -0.129572
LexicalReordering0= 0.324178
LexicalReordering0= 0.130147
LexicalReordering0= 0.0477092
LexicalReordering0= -0.100216
LexicalReordering0= 0.0135744
Distortion0= 0.00679839
LM0= 0.084294
WordPenalty0= 0.0444734
PhrasePenalty0= 0.0208283
TranslationModel0= 0.0292271
TranslationModel0= 0.00226654
TranslationModel0= 0.030024
TranslationModel0= 0.0366919
