LexicalReordering0= 0.073702
LexicalReordering0= 0.251838
LexicalReordering0= 0.121848
LexicalReordering0= 0.0252716
LexicalReordering0= -0.0873317
LexicalReordering0= 0.00355901
Distortion0= 0.0360692
LM0= 0.104059
WordPenalty0= 0.0270421
PhrasePenalty0= -0.0482628
TranslationModel0= 0.0109382
TranslationModel0= 0.0138701
TranslationModel0= 0.169413
TranslationModel0= 0.0267954
